1032,07:31:08,66,X,TR,265.8,36.6,8.63,-0.015625,-0.060546875,0.009765625,0,0,0,4.875,-49.6875,19.8125,-86.8,STANDBY
1032,07:31:08,68,X,TR,253.8,36.5,8.63,3.90625,-3.576171875,6.8671875,0,0,0,48.0,-16.9375,2.0,19.1,RELEASED
1032,07:31:09,69,X,TR,237.3,36.5,8.63,1.30859375,-2.802734375,3.296875,0,0,0,5.375,-50.5,11.125,-156.6,RELEASED
1032,07:31:22,71,X,TR,-10.8,36.0,8.63,-1,-1,-1,-1,-1,-1,-1,-1,-1,-1,RELEASED
1032,07:31:22,71,X,TR,-10.8,36.0,8.63,-1,-1,-1,-1,-1,-1,-1,-1,-1,-1,RELEASED
1032,07:31:22,73,X,TR,-10.8,36.0,8.63,-1,-1,-1,-1,-1,-1,-1,-1,-1,-1,RELEASED
1032,07:31:23,74,X,TR,-9.1,35.9,8.63,-1,-1,-1,-1,-1,-1,-1,-1,-1,-1,RELEASED
1032,07:31:23,72,X,TR,-9.1,35.9,8.63,-1,-1,-1,-1,-1,-1,-1,-1,-1,-1,RELEASED
1032,07:31:23,77,X,TR,-9.1,35.9,8.63,-1,-1,-1,-1,-1,-1,-1,-1,-1,-1,RELEASED
1032,07:31:25,83,X,TR,-8.8,36.0,8.63,-1,-1,-1,-1,-1,-1,-1,-1,-1,-1,RELEASED
1032,07:31:25,84,X,TR,-9.3,36.0,8.63,-1,-1,-1,-1,-1,-1,-1,-1,-1,-1,RELEASED
1032,07:31:25,88,X,TR,-9.3,36.0,8.63,-1,-1,-1,-1,-1,-1,-1,-1,-1,-1,RELEASED
1032,07:31:26,89,X,TR,-9.9,36.1,8.63,-1,-1,-1,-1,-1,-1,-1,-1,-1,-1,RELEASED
1032,07:31:23,81,X,TR,-10.8,36.0,8.63,-1,-1,-1,-1,-1,-1,-1,-1,-1,-1,RELEASED
1032,07:31:24,80,X,TR,-9.7,36.0,8.63,-1,-1,-1,-1,-1,-1,-1,-1,-1,-1,RELEASED
1032,07:31:23,82,X,TR,-10.8,36.0,8.63,-1,-1,-1,-1,-1,-1,-1,-1,-1,-1,RELEASED
1032,07:31:23,78,X,TR,-9.1,35.9,8.63,-1,-1,-1,-1,-1,-1,-1,-1,-1,-1,RELEASED
1032,07:31:22,76,X,TR,-10.8,36.0,8.63,-1,-1,-1,-1,-1,-1,-1,-1,-1,-1,RELEASED
1032,07:31:24,77,X,TR,-9.7,36.0,8.63,-1,-1,-1,-1,-1,-1,-1,-1,-1,-1,RELEASED
1032,07:31:25,87,X,TR,-9.3,36.0,8.63,-1,-1,-1,-1,-1,-1,-1,-1,-1,-1,RELEASED
1032,07:31:24,75,X,TR,-9.7,36.0,8.63,-1,-1,-1,-1,-1,-1,-1,-1,-1,-1,RELEASED
1032,07:31:23,79,X,TR,-9.1,35.9,8.63,-1,-1,-1,-1,-1,-1,-1,-1,-1,-1,RELEASED
1032,07:31:25,85,X,TR,-9.3,36.0,8.63,-1,-1,-1,-1,-1,-1,-1,-1,-1,-1,RELEASED
1032,07:31:25,86,X,TR,-9.3,36.0,8.63,-1,-1,-1,-1,-1,-1,-1,-1,-1,-1,RELEASED
1032,07:31:26,90,X,TR,-9.9,36.1,8.63,-1,-1,-1,-1,-1,-1,-1,-1,-1,-1,RELEASED
1032,07:31:26,91,X,TR,-9.9,36.1,8.63,-1,-1,-1,-1,-1,-1,-1,-1,-1,-1,RELEASED
1032,07:31:26,92,X,TR,-9.9,36.1,8.63,-1,-1,-1,-1,-1,-1,-1,-1,-1,-1,RELEASED
1032,07:31:26,93,X,TR,-9.9,36.1,8.63,-1,-1,-1,-1,-1,-1,-1,-1,-1,-1,RELEASED
1032,07:31:26,94,X,TR,-6.1,36.1,8.63,-1,-1,-1,-1,-1,-1,-1,-1,-1,-1,RELEASED
1032,07:31:26,96,X,TR,-6.1,36.1,8.63,-1,-1,-1,-1,-1,-1,-1,-1,-1,-1,RELEASED
1032,07:31:26,97,X,TR,-6.1,36.1,8.63,-1,-1,-1,-1,-1,-1,-1,-1,-1,-1,RELEASED
1032,07:31:27,98,X,TR,-6.1,36.1,8.63,-1,-1,-1,-1,-1,-1,-1,-1,-1,-1,RELEASED
1032,07:31:27,99,X,TR,-8.2,36.1,8.63,-1,-1,-1,-1,-1,-1,-1,-1,-1,-1,RELEASED
1032,07:31:27,100,X,TR,-8.2,36.1,8.63,-1,-1,-1,-1,-1,-1,-1,-1,-1,-1,RELEASED
1032,07:31:22,71,X,TR,-10.8,36.0,8.63,-1,-1,-1,-1,-1,-1,-1,-1,-1,-1,RELEASED
1032,07:31:27,101,X,TR,-8.2,36.1,8.63,-1,-1,-1,-1,-1,-1,-1,-1,-1,-1,RELEASED
1032,07:31:27,102,X,TR,-8.2,36.1,8.63,-1,-1,-1,-1,-1,-1,-1,-1,-1,-1,RELEASED
1032,07:31:27,103,X,TR,-8.2,36.1,8.63,-1,-1,-1,-1,-1,-1,-1,-1,-1,-1,RELEASED
1032,07:31:28,104,X,TR,-8.2,36.1,8.63,-1,-1,-1,-1,-1,-1,-1,-1,-1,-1,RELEASED
1032,07:31:28,105,X,TR,-8.2,36.1,8.63,-1,-1,-1,-1,-1,-1,-1,-1,-1,-1,RELEASED
1032,07:31:22,73,X,TR,-10.8,36.0,8.63,-1,-1,-1,-1,-1,-1,-1,-1,-1,-1,RELEASED
1032,07:31:22,71,X,TR,-10.8,36.0,8.63,-1,-1,-1,-1,-1,-1,-1,-1,-1,-1,RELEASED
1032,07:31:23,74,X,TR,-9.1,35.9,8.63,-1,-1,-1,-1,-1,-1,-1,-1,-1,-1,RELEASED
1032,07:31:23,72,X,TR,-9.1,35.9,8.63,-1,-1,-1,-1,-1,-1,-1,-1,-1,-1,RELEASED
1032,07:31:23,77,X,TR,-9.1,35.9,8.63,-1,-1,-1,-1,-1,-1,-1,-1,-1,-1,RELEASED
1032,07:31:28,105,X,TR,-8.2,36.1,8.63,-1,-1,-1,-1,-1,-1,-1,-1,-1,-1,RELEASED
1032,07:31:28,104,X,TR,-8.2,36.1,8.63,-1,-1,-1,-1,-1,-1,-1,-1,-1,-1,RELEASED
1032,07:31:27,102,X,TR,-8.2,36.1,8.63,-1,-1,-1,-1,-1,-1,-1,-1,-1,-1,RELEASED
1032,07:31:27,98,X,TR,-6.1,36.1,8.63,-1,-1,-1,-1,-1,-1,-1,-1,-1,-1,RELEASED
1032,07:31:27,99,X,TR,-8.2,36.1,8.63,-1,-1,-1,-1,-1,-1,-1,-1,-1,-1,RELEASED
1032,07:31:27,103,X,TR,-8.2,36.1,8.63,-1,-1,-1,-1,-1,-1,-1,-1,-1,-1,RELEASED
1032,07:31:26,94,X,TR,-6.1,36.1,8.63,-1,-1,-1,-1,-1,-1,-1,-1,-1,-1,RELEASED
1032,07:31:24,80,X,TR,-9.7,36.0,8.63,-1,-1,-1,-1,-1,-1,-1,-1,-1,-1,RELEASED
1032,07:31:23,79,X,TR,-9.1,35.9,8.63,-1,-1,-1,-1,-1,-1,-1,-1,-1,-1,RELEASED
1032,07:31:25,85,X,TR,-9.3,36.0,8.63,-1,-1,-1,-1,-1,-1,-1,-1,-1,-1,RELEASED
1032,07:31:26,96,X,TR,-6.1,36.1,8.63,-1,-1,-1,-1,-1,-1,-1,-1,-1,-1,RELEASED
1032,07:31:23,82,X,TR,-10.8,36.0,8.63,-1,-1,-1,-1,-1,-1,-1,-1,-1,-1,RELEASED
1032,07:31:26,93,X,TR,-9.9,36.1,8.63,-1,-1,-1,-1,-1,-1,-1,-1,-1,-1,RELEASED
1032,07:31:23,78,X,TR,-9.1,35.9,8.63,-1,-1,-1,-1,-1,-1,-1,-1,-1,-1,RELEASED
1032,07:31:26,92,X,TR,-9.9,36.1,8.63,-1,-1,-1,-1,-1,-1,-1,-1,-1,-1,RELEASED
1032,07:31:26,91,X,TR,-9.9,36.1,8.63,-1,-1,-1,-1,-1,-1,-1,-1,-1,-1,RELEASED
1032,07:31:25,86,X,TR,-9.3,36.0,8.63,-1,-1,-1,-1,-1,-1,-1,-1,-1,-1,RELEASED
1032,07:31:26,90,X,TR,-9.9,36.1,8.63,-1,-1,-1,-1,-1,-1,-1,-1,-1,-1,RELEASED
1032,07:31:22,76,X,TR,-10.8,36.0,8.63,-1,-1,-1,-1,-1,-1,-1,-1,-1,-1,RELEASED
1032,07:31:25,83,X,TR,-8.8,36.0,8.63,-1,-1,-1,-1,-1,-1,-1,-1,-1,-1,RELEASED
1032,07:31:27,100,X,TR,-8.2,36.1,8.63,-1,-1,-1,-1,-1,-1,-1,-1,-1,-1,RELEASED
1032,07:31:25,87,X,TR,-9.3,36.0,8.63,-1,-1,-1,-1,-1,-1,-1,-1,-1,-1,RELEASED
1032,07:31:26,89,X,TR,-9.9,36.1,8.63,-1,-1,-1,-1,-1,-1,-1,-1,-1,-1,RELEASED
1032,07:31:25,84,X,TR,-9.3,36.0,8.63,-1,-1,-1,-1,-1,-1,-1,-1,-1,-1,RELEASED
1032,07:31:24,75,X,TR,-9.7,36.0,8.63,-1,-1,-1,-1,-1,-1,-1,-1,-1,-1,RELEASED
1032,07:31:23,81,X,TR,-10.8,36.0,8.63,-1,-1,-1,-1,-1,-1,-1,-1,-1,-1,RELEASED
1032,07:31:24,77,X,TR,-9.7,36.0,8.63,-1,-1,-1,-1,-1,-1,-1,-1,-1,-1,RELEASED
1032,07:31:27,101,X,TR,-8.2,36.1,8.63,-1,-1,-1,-1,-1,-1,-1,-1,-1,-1,RELEASED
1032,07:31:25,88,X,TR,-9.3,36.0,8.63,-1,-1,-1,-1,-1,-1,-1,-1,-1,-1,RELEASED
1032,07:31:26,97,X,TR,-6.1,36.1,8.63,-1,-1,-1,-1,-1,-1,-1,-1,-1,-1,RELEASED